1755403
72948
72476
72900
4510523
4510444
4510442
4510436
4509640
4509596
4510572
72949
4509690
72589
72577
72485
72476
72437
71606
71587
67253
67050
67012
66544
66167
66158
66157
66140
65740
65672
65487
65485
65483
65477
65471
65468
64714
64645
64500
64151
64071
64055
62327
62320
62157
62156
61686
61338
60545
56246
56172
56171
56170
55997
55849
55595
55593
55280
55158
55091
54671
53737
52191
45942
44652
42179
31352
31348
72589
72437
72577
72476
4469068
4469358
4472461
4472581
4431514
67050
4467841
4468925
66158
66999
65672
66167
65487
65483
65477
67254
65471
65468
65468
64714
67012
64645
64500
64151
64071
64055
62327
62320
62157
62156
61686
61338
60545
56246
56172
56171
56170
55997
55849
55595
55593
55280
55091
54671
53737
52191
45942
44652
42179
31352
31348
65740
